0 1274
1 5720
2 4737
3 4534
4 5505
5 7131
6 5553
7 4486
8 6130
9 6614
10 5157
11 4441
12 5497
13 5405
14 3915
15 5317
16 3760
17 3721
18 4540
19 3812
20 2702
21 4136
22 3974
23 4146
24 5492
25 6511
26 3854
27 6526
28 3527
29 5194
30 5007
31 4101
32 3050
33 4729
34 5046
35 4373
36 4092
37 4122
38 3933
39 6573
40 4628
41 4169
42 7836
43 7158
44 8463
45 4634
46 7718
47 8334
48 3088
49 4601
50 5224
51 9125
52 5985
53 6857
54 5980
55 5429
56 5409
57 3065
58 4865
59 7767
60 6557
61 5983
62 3849
63 5301
64 7156
65 4643
66 4434
67 8885
68 10077
69 11091
70 12411
71 7450
72 9331
73 7905
74 8529
75 6316
76 8396
77 8285
78 8551
79 10070
80 8755
81 10560
82 7373
83 9787
84 8212
85 9833
86 3820
87 7675
88 5715
89 5743
90 6625
91 9193
92 7488
93 10592
94 9279
95 11515
96 8906
97 6076
98 7273
99 11862
100 8281
101 4486
102 5828
103 6422
104 8549
105 10702
106 7952
107 8127
108 8828
109 9006
110 15865
111 7428
112 6638
113 5209
114 6579
115 5124
116 7825
117 4715
118 6663
119 6746
120 6659
121 6983
122 7276
123 7636
124 5864
125 6396
126 6946
127 7383
128 5678
129 5184
130 6841
131 6845
132 6858
133 5869
134 5660
135 6605
136 8410
137 8749
138 4474
139 5798
140 8598
141 6775
142 5661
143 9872
144 7461
145 6191
146 8459
147 4969
148 4676
149 7022
150 6663
151 8541
152 8186
153 5106
154 5904
155 6438
156 5398
157 6863
158 6922
159 3507
160 5572
161 2135
162 4179
163 5564
164 6348
165 5514
166 6483
167 7913
168 7518
169 6675
170 3479
171 6744
172 7393
173 8668
174 7413
175 6502
176 4992
177 4500
178 6218
179 3685
180 2651
181 8226
182 3075
183 3989
184 3763
185 3076
186 5292
187 2510
188 6278
189 6775
190 6482
191 5811
192 8139
193 6364
194 3666
195 9220
196 8696
197 9552
198 6312
199 3702
200 8923
201 6620
202 5244
203 4510
204 6936
205 5200
206 6376
207 8316
208 2855
209 6715
210 5870
211 6361
212 7845
213 6909
214 4060
215 3787
216 4622
217 5446
218 5473
219 5429
220 4896
221 6460
222 3802
223 7090
224 7814
225 11403
226 9325
227 4817
228 9378
229 6462
230 6230
231 7784
232 6710
233 2343
234 5784
235 5749
236 4248
237 9097
238 7914
239 3114
240 6908
241 9405
242 7055
243 2862
244 7979
245 6297
246 4723
247 5857
248 6174
249 3852
250 5931
251 5400
252 2902
253 3865
254 6438
255 3118
256 5272
257 7338
258 4724
259 5103
260 4239
261 5261
262 5492
263 6920
264 1993
265 2507
266 5797
267 4028
268 4195
269 4719
270 5755
271 4005
272 6040
273 8657
274 5013
275 3585
276 4880
277 6519
278 3781
279 4689
280 6818
281 3268
282 5299
283 4842
284 6277
285 4326
286 3988
287 7476
288 4601
289 5824
290 5542
291 4252
292 3374
293 6321
294 7295
295 7578
296 9840
297 8398
298 8498
299 8892
300 7746
301 5469
302 5868
303 2805
304 4138
305 3014
306 5317
307 3582
308 6469
309 3003
310 6387
311 3639
312 5889
313 4908
314 5646
315 6865
316 3882
317 5383
318 5555
319 4498
320 6708
321 4841
322 1917
323 3611
324 3273
325 5572
326 4976
327 5905
328 5841
329 4047
330 6232
331 3193
332 4182
333 3392
334 5126
335 5607
336 7351
337 4792
338 6381
339 2820
340 2087
341 2280
342 2830
343 1858
344 4149
345 3462
346 2922
347 3665
348 1891
349 4887
350 5294
351 5516
352 6394
353 6525
354 5828
355 4768
356 2596
357 7153
358 7449
359 7637
360 6160
361 5369
362 5400
363 6524
364 5585
365 5511
366 5382
367 4907
368 4742
369 4833
370 4725
371 6796
372 5256
373 5871
374 5723
375 3537
376 4376
377 6314
378 4907
379 6908
380 4975
381 3210
382 4809
383 5492
384 5275
385 6752
386 8321
387 7028
388 4873
389 4213
390 6040
391 4973
392 5733
393 5639
394 5770
395 3343
396 11403
397 5151
398 4329
399 6367
400 5010
401 6137
402 8751
403 5609
404 7450
405 5972
406 7135
407 6292
408 1587
409 7782
410 9658
411 6297
412 6443
413 5857
414 9763
415 11438
416 7990
417 8957
418 7989
419 9121
420 8785
421 7283
422 7359
423 6559
424 7642
425 9672
426 6487
427 8855
428 7098
429 8862
430 9407
431 7598
432 8812
433 7908
434 5676
435 7082
436 4400
437 4218
438 3578
439 7137
440 8787
441 5713
442 7376
443 6423
444 5828
445 7981
446 5071
447 4612
448 4550
449 5232
450 6678
451 3776
452 3802
453 2902
454 10045
455 8897
456 12208
457 16211
458 16211
459 11403
460 16211
461 11785
462 8757
463 5837
464 16211
465 16211
466 16211
467 16211
468 16211
469 16211
470 10360
471 8754
472 12757
473 16211
474 16211
475 16211
476 16211
477 12757
478 7136
479 5796
480 11718
481 16211
482 12411
483 10966
484 16211
485 11438
486 8096
487 6894
488 16211
489 12757
490 10939
491 16211
492 16211
493 11953
494 6601
495 6404
496 12757
497 12208
498 11057
499 11438
500 16211
501 11475
502 7111
503 5928
504 11718
505 16211
506 11862
507 9535
508 16211
509 10719
510 11110
511 8185
512 12208
513 16211
514 9591
515 12757
516 9962
517 9303
518 12064
519 8911
520 7056
521 10719
522 7735
523 10926
524 9247
525 5825
526 7666
527 9970
528 8120
529 11091
530 10075
531 6274
532 10343
533 10301
534 9278
535 11659
536 6646
537 5403
538 7961
539 8098
540 5875
541 8128
542 8056
543 3805
544 4705
545 8178
546 6847
547 10548
548 8476
549 8597
550 8196
551 5816
552 8521
553 8773
554 9881
555 7418
556 5984
557 5269
558 8698
559 7719
560 7170
561 5551
562 5341
563 4644
564 9820
565 6782
566 11438
567 9156
568 11091
569 7724
570 12757
571 9176
572 6264
573 11606
574 8542
575 6664
576 4995
577 9519
578 7114
579 7893
580 5412
581 6063
582 4388
583 11658
584 8712
585 11438
586 7158
587 10736
588 9999
589 8672
590 14766
591 9491
592 16211
593 9494
594 15662
595 10094
596 9834
597 9812
598 7272
599 12757
600 7357
601 11168
602 8107
603 7184
604 11783
605 9337
606 11862
607 8026
608 11285
609 12753
610 7442
611 9685
612 6481
613 9045
614 3723
615 8744
616 8576
617 4559
618 8762
619 6436
620 12757
621 5921
622 7902
623 7680
624 6232
625 10888
626 7351
627 15865
628 6575
629 9355
630 9390
631 7008
632 9210
633 6377
634 9488
635 6158
636 9661
637 8607
638 6589
639 9736
640 6585
641 11515
642 5893
643 8776
644 8509
645 6551
646 11717
647 11128
648 10086
649 7713
650 10256
651 9700
652 9970
653 15012
654 15407
655 16211
656 11855
657 15865
658 12410
659 14666
660 11606
661 10901
662 10156
663 8208
664 11515
665 9940
666 8984
667 9647
668 9029
669 8838
670 5859
671 8708
672 10116
673 8869
674 9563
675 9454
676 8569
677 6732
678 9553
679 8875
680 6964
681 15012
682 15407
683 12757
684 10701
685 15865
686 15518
687 10736
688 10331
689 8509
690 9997
691 6824
692 9886
693 8680
694 7914
695 4482
696 6598
697 5799
698 6408
699 5223
700 5532
701 2628
702 4263
703 4617
704 2939
705 3922
706 2274
707 16211
708 16211
709 16211
710 4554
711 16211
712 7607
713 4639
714 7273
715 8031
716 6045
717 7817
718 6812
719 8898
720 9730
721 9552
722 8445
723 6611
724 9266
725 8794
726 5300
727 7394
728 8388
729 8931
730 6633
731 7775
732 7107
733 6881
734 9794
735 6479
736 5790
737 8234
738 7326
739 9752
740 7252
741 7916
742 10214
743 7413
744 7648
745 8491
746 9847
747 9499
748 7741
749 10009
750 9077
751 8786
752 8151
753 9852
754 8186
755 7330
756 8474
757 7225
758 11403
759 7427
760 7505
761 5662
762 9087
763 7241
764 9178
765 7671
766 9115
767 8589
768 10070
769 9758
770 6898
771 9516
772 10328
773 8480
774 7918
775 8761
776 10431
777 11718
778 10686
779 10792
780 8677
781 11091
782 11515
783 8419
784 9100
785 10368
786 10663
787 8170
788 9715
789 9399
790 9050
791 12411
792 8836
793 9001
794 10372
795 9610
796 12411
797 9726
798 11312
799 11559
800 10497
801 9813
802 11025
803 11606
804 10113
805 10172
806 11009
807 11475
808 11260
809 11212
810 16211
811 10727
812 9629
813 11285
814 9519
815 16211
816 10096
817 9690
818 7668
819 11559
820 9819
821 12757
822 9791
823 11057
824 9888
825 11718
826 11438
827 5376
828 8335
829 7460
830 6819
831 7112
832 7865
833 8507
834 8927
835 8396
836 8714
837 8547
838 10877
839 11009
840 7286
841 9605
842 10470
843 8898
844 5517
845 8826
846 8644
847 8772
848 10024
849 8013
850 7678
851 9004
852 9254
853 9288
854 9566
855 8605
856 10952
857 9742
858 9607
859 10287
860 11041
861 10324
862 8524
863 11341
864 11025
865 10939
866 10106
867 8737
868 9923
869 9509
870 11235
871 9689
872 11235
873 8364
874 8951
875 7616
876 10889
877 9387
878 10202
879 9033
880 10670
881 9111
882 11025
883 11953
884 5233
885 7863
886 9947
887 5959
888 7701
889 6893
890 7539
891 10678
892 11438
893 10772
894 6598
895 10043
896 10648
897 9285
898 7643
899 9364
900 8425
901 7242
902 11285
903 7606
904 7460
905 11110
906 8482
907 9858
908 9547
909 8412
910 10226
911 8905
912 8957
913 9829
914 8067
915 8769
916 9391
917 12208
918 10854
919 10548
920 9837
921 11074
922 10068
923 10351
924 11168
925 9137
926 8327
927 10052
928 8253
929 9816
930 11148
931 7337
932 6686
933 10435
934 8458
935 9415
936 16211
937 8678
938 10262
939 8344
940 8335
941 5642
942 8172
943 9484
944 7698
945 10181
946 8440
947 9032
948 10045
949 9523
950 10339
951 7976
952 10421
953 10579
954 9682
955 9058
956 9302
957 9875
958 8050
959 10013
960 8338
961 8624
962 11718
963 7871
964 9733
965 8794
966 8077
967 8726
968 9756
969 8790
970 10287
971 8446
972 9812
973 9481
974 12411
975 10339
976 7729
977 9246
978 11515
979 10772
980 11312
981 11041
982 9843
983 9164
984 10269
985 8986
986 9955
987 8676
988 8776
989 6774
990 9581
991 8569
992 9753
993 9535
994 9829
995 9894
996 9503
997 10548
998 2907
999 5762
1000 5865
1001 4328
1002 6253
1003 5308
1004 6401
1005 7652
1006 6901
1007 5865
1008 4882
1009 7671
1010 7128
1011 3665
1012 5581
1013 5530
1014 6903
1015 4623
1016 5687
1017 5535
1018 5188
1019 7059
1020 4703
1021 4424
1022 6093
1023 5365
1024 7583
1025 5544
1026 5416
1027 7531
1028 6198
1029 6293
1030 6710
1031 7292
1032 7043
1033 6037
1034 7405
1035 6293
1036 7232
1037 7101
1038 7141
1039 6723
1040 5852
1041 6514
1042 5523
1043 7685
1044 5586
1045 5654
1046 3238
1047 7467
1048 5746
1049 7283
1050 6136
1051 6920
1052 5983
1053 7048
1054 6545
1055 4651
1056 6928
1057 9791
1058 6829
1059 8573
1060 7094
1061 7631
1062 10719
1063 7227
1064 9264
1065 6309
1066 8913
1067 8827
1068 7517
1069 7713
1070 5708
1071 8538
1072 6924
1073 10686
1074 6868
1075 6723
1076 9305
1077 6552
1078 8266
1079 9267
1080 5845
1081 9594
1082 8098
1083 7045
1084 9454
1085 7932
1086 7983
1087 8893
1088 10190
1089 8873
1090 9470
1091 9247
1092 9979
1093 9010
1094 10269
1095 9583
1096 8290
1097 7380
1098 8235
1099 7257
1100 10426
1101 9870
1102 7154
1103 5495
1104 9569
1105 7023
1106 9436
1107 10686
1108 8361
1109 7534
1110 9462
1111 9237
1112 3308
1113 6203
1114 5822
1115 4733
1116 6433
1117 5460
1118 7169
1119 7861
1120 7336
1121 6396
1122 5398
1123 8265
1124 7234
1125 4120
1126 6378
1127 7638
1128 7582
1129 5411
1130 6575
1131 6190
1132 4865
1133 7833
1134 5132
1135 4778
1136 6570
1137 6184
1138 8386
1139 5819
1140 5077
1141 8563
1142 6001
1143 6320
1144 7208
1145 7895
1146 8568
1147 6118
1148 7649
1149 8292
1150 8152
1151 6651
1152 8206
1153 7082
1154 6015
1155 7290
1156 6137
1157 9989
1158 5690
1159 6117
1160 4648
1161 8196
1162 6086
1163 7565
1164 6800
1165 7957
1166 6175
1167 8411
1168 6348
1169 2452
1170 5222
1171 6001
1172 4093
1173 6337
1174 4593
1175 11190
1176 6685
1177 6488
1178 5866
1179 4618
1180 7179
1181 6354
1182 3472
1183 5168
1184 5779
1185 6206
1186 4671
1187 5922
1188 5213
1189 4831
1190 5912
1191 4056
1192 4381
1193 5559
1194 4798
1195 6666
1196 5438
1197 5150
1198 7007
1199 5671
1200 5288
1201 5840
1202 6763
1203 6693
1204 6264
1205 7251
1206 6142
1207 6602
1208 7367
1209 7258
1210 6171
1211 5062
1212 5595
1213 5188
1214 8157
1215 5732
1216 5052
1217 3697
1218 6735
1219 5040
1220 5834
1221 6301
1222 6448
1223 5207
1224 6252
1225 6626
1226 9670
1227 7818
1228 11260
1229 9716
1230 9172
1231 7620
1232 10470
1233 9179
1234 9253
1235 8015
1236 8364
1237 6330
1238 10648
1239 10372
1240 8876
1241 6714
1242 9727
1243 6997
1244 7887
1245 5685
1246 9608
1247 9518
1248 6392
1249 11074
1250 9591
1251 7785
1252 7591
1253 9187
1254 8189
1255 9600
1256 9451
1257 9392
1258 10153
1259 9580
1260 7607
1261 7043
1262 7127
1263 7950
1264 9469
1265 10131
1266 8212
1267 9266
1268 10710
1269 8016
1270 11438
1271 8637
1272 9581
1273 10592
1274 9280
1275 12208
1276 12757
1277 10108
1278 9977
1279 10169
1280 10854
1281 12064
1282 11785
1283 11515
1284 7628
1285 9975
1286 7865
1287 8848
1288 8633
1289 8156
1290 7949
1291 8314
1292 9689
1293 10298
1294 8240
1295 7935
1296 8435
1297 8618
1298 9773
1299 9440
1300 8898
1301 7637
1302 4753
1303 6221
1304 6275
1305 6645
1306 6723
1307 7513
1308 6563
1309 7396
1310 7274
1311 6074
1312 4992
1313 5559
1314 6270
1315 6848
1316 8168
1317 5478
1318 7853
1319 7697
1320 7171
1321 9884
1322 7862
1323 9258
1324 6715
1325 6982
1326 9839
1327 8843
1328 7609
1329 8465
1330 7325
1331 7824
1332 9066
1333 11235
1334 7832
1335 8000
1336 7270
1337 5797
1338 8478
1339 7572
1340 7128
1341 7334
1342 6892
1343 9040
1344 8806
1345 6166
1346 6461
1347 5718
1348 7108
1349 7300
1350 10032
1351 7421
1352 7401
1353 5201
1354 4504
1355 6888
1356 7265
1357 6940
1358 7470
1359 6825
1360 9603
1361 6695
1362 5730
1363 5078
1364 5031
1365 10028
1366 6391
1367 6844
1368 9839
1369 5099
1370 6357
1371 4791
1372 5991
1373 6008
1374 6507
1375 6710
1376 7481
1377 6386
1378 8162
1379 6519
1380 6268
1381 5186
1382 5472
1383 6298
1384 7229
1385 7239
1386 4979
1387 6243
1388 9488
1389 5871
1390 7724
1391 8053
1392 16211
1393 8497
1394 10877
1395 6114
1396 10579
1397 6442
1398 7507
1399 5211
1400 7706
1401 4247
1402 6796
1403 5829
1404 8956
1405 5140
1406 7957
1407 5265
1408 9153
1409 5198
1410 7445
1411 5247
1412 8368
1413 4265
1414 6387
1415 5459
1416 10061
1417 4559
1418 7328
1419 8268
1420 16211
1421 9753
1422 10086
1423 7350
1424 16211
1425 6361
1426 10843
1427 7011
1428 10294
1429 8098
1430 11190
1431 8010
1432 8292
1433 9762
1434 7774
1435 9609
1436 8940
1437 6501
1438 8479
1439 8290
1440 7559
1441 9360
1442 9332
1443 9125
1444 11438
1445 9457
1446 9100
1447 12208
1448 10980
1449 10347
1450 11659
1451 9316
1452 8099
1453 9529
1454 9192
1455 7080
1456 8584
1457 8452
1458 8133
1459 9440
1460 7591
1461 6340
1462 7810
1463 7250
1464 5065
1465 6744
1466 6067
1467 6277
1468 7731
1469 7447
1470 6404
1471 9039
1472 8642
1473 6656
1474 8086
1475 7308
1476 7369
1477 9400
1478 8174
1479 6741
1480 8244
1481 7730
1482 5419
1483 7308
1484 7437
1485 7001
1486 8325
1487 5233
1488 5990
1489 7024
1490 7091
1491 4653
1492 6091
1493 6167
1494 5955
1495 5407
1496 9163
1497 9329
1498 8594
1499 9576
1500 12757
1501 11341
1502 10131
1503 10290
1504 9672
1505 6152
1506 6741
1507 6431
1508 6921
1509 9942
1510 8847
1511 6800
1512 7796
1513 6815
1514 6054
1515 6031
1516 6457
1517 6297
1518 6239
1519 6816
1520 4746
1521 6724
1522 8884
1523 8559
1524 7567
1525 9107
1526 7344
1527 8869
1528 10049
1529 8564
1530 6557
1531 5243
1532 8602
1533 10678
1534 8127
1535 8485
1536 5866
1537 10113
1538 7343
1539 9692
1540 6845
1541 7602
1542 8109
1543 9309
1544 7202
1545 7701
1546 7985
1547 8146
1548 11475
1549 8542
1550 9565
1551 8235
1552 9397
1553 8636
1554 7572
1555 7389
1556 8258
1557 6657
1558 10233
1559 9529
1560 9557
1561 8448
1562 6739
1563 9809
1564 10822
1565 8891
1566 7376
1567 9018
1568 7213
1569 8852
1570 10736
1571 8336
1572 7136
1573 9391
1574 7991
1575 9711
1576 7971
1577 10465
1578 9706
1579 10481
1580 9357
1581 9223
1582 8453
1583 7490
1584 9568
1585 11718
1586 10966
1587 10470
1588 8003
1589 16211
1590 10005
1591 11285
1592 9657
1593 10502
1594 11009
1595 16211
1596 9845
1597 11515
1598 10854
1599 16211
1600 11091
1601 16211
1602 11190
1603 11312
1604 11025
1605 11785
1606 11606
1607 11953
1608 9323
1609 11057
1610 10021
1611 12757
1612 11438
1613 12757
1614 11260
1615 9769
1616 12208
1617 12411
1618 11235
1619 10312
1620 10554
1621 11091
1622 11475
1623 12411
1624 10158
1625 6037
1626 7907
1627 10694
1628 8525
1629 7839
1630 10407
1631 8329
1632 10283
1633 8513
1634 8279
1635 6332
1636 6332
1637 9046
1638 7395
1639 8156
1640 9456
1641 6719
1642 12411
1643 9805
1644 11862
1645 9429
1646 9617
1647 10802
1648 12757
1649 10052
1650 9506
1651 10347
1652 16211
1653 10416
1654 16211
1655 11009
1656 10670
1657 10131
1658 11312
1659 11091
1660 11862
1661 11785
1662 11260
1663 9736
1664 16211
1665 11148
1666 12208
1667 10347
1668 8534
1669 10694
1670 10360
1671 10403
1672 9634
1673 9092
1674 9381
1675 12208
1676 11862
1677 10508
1678 6752
1679 7465
1680 11235
1681 16211
1682 8927
1683 8368
1684 7348
1685 16211
1686 8192
1687 12757
1688 8691
1689 7298
1690 16211
1691 12757
1692 9292
1693 9833
1694 7842
1695 10812
1696 8792
1697 9279
1698 5752
1699 9635
1700 8955
1701 7701
1702 6785
1703 11785
1704 11718
1705 7972
1706 11862
1707 7011
1708 9054
1709 8288
1710 6713
1711 7113
1712 6891
1713 6525
1714 8918
1715 11371
1716 8917
1717 8066
1718 7168
1719 6391
1720 7789
1721 10001
1722 6768
1723 8911
1724 9446
1725 10877
1726 6897
1727 6155
1728 7746
1729 8158
1730 7055
1731 11341
1732 9165
1733 8410
1734 8500
1735 8173
1736 11110
1737 6161
1738 6281
1739 7287
1740 10070
1741 8764
1742 9020
1743 6353
1744 10736
1745 8087
1746 9542
1747 7325
1748 8552
1749 8708
1750 9338
1751 8363
1752 9171
1753 8452
1754 9416
1755 12064
1756 7687
1757 9451
1758 9896
1759 10465
1760 9231
1761 8084
1762 8253
1763 7157
1764 8698
1765 11091
1766 16211
1767 8203
1768 9494
1769 7515
1770 10745
1771 11235
1772 9064
1773 8498
1774 10009
1775 10335
1776 8079
1777 11718
1778 9283
1779 3250
1780 6614
1781 6724
1782 7588
1783 6199
1784 7436
1785 4869
1786 8093
1787 6990
1788 6457
1789 5340
1790 3312
1791 5953
1792 7270
1793 6986
1794 6668
1795 4827
1796 5396
1797 5640
1798 7479
1799 5288
1800 5989
1801 6481
1802 7465
1803 5203
1804 8345
1805 6239
1806 6281
1807 6958
1808 6873
1809 7618
1810 5972
1811 7538
1812 6906
1813 6652
1814 5627
1815 6372
1816 5532
1817 6716
1818 7710
1819 8858
1820 6925
1821 5321
1822 7413
1823 7636
1824 6746
1825 5510
1826 7118
1827 8929
1828 7505
1829 8023
1830 6290
1831 6456
1832 6863
1833 7678
1834 7848
1835 7659
1836 9402
1837 7866
1838 7472
1839 6675
1840 7858
1841 6231
1842 5554
1843 6741
1844 8451
1845 7876
1846 8125
1847 5662
1848 11009
1849 7262
1850 8898
1851 6543
1852 7725
1853 8875
1854 9758
1855 6972
1856 9581
1857 7990
1858 16211
1859 8791
1860 16211
1861 8530
1862 8905
1863 8599
1864 10332
1865 8437
1866 8204
1867 6614
1868 8741
1869 8173
1870 11009
1871 10389
1872 8700
1873 8847
1874 7249
1875 9735
1876 10567
1877 10407
1878 6626
1879 10269
1880 10612
1881 8900
1882 10061
1883 9481
1884 5996
1885 5179
1886 6158
1887 7420
1888 5396
1889 7782
1890 5840
1891 6836
1892 7386
1893 6566
1894 5715
1895 4593
1896 6098
1897 6883
1898 7897
1899 7476
1900 5154
1901 8160
1902 6125
1903 8179
1904 5597
1905 6352
1906 8153
1907 8189
1908 5836
1909 6720
1910 6479
1911 8849
1912 6944
1913 10455
1914 7147
1915 7937
1916 6805
1917 8233
1918 7238
1919 7400
1920 6128
1921 7204
1922 8035
1923 9576
1924 8530
1925 7751
1926 7535
1927 5773
1928 7544
1929 9184
1930 5957
1931 6072
1932 6491
1933 9378
1934 8446
1935 9552
1936 6889
1937 6166
1938 8917
1939 11953
1940 9009
1941 7580
1942 9842
1943 8423
1944 9603
1945 9037
1946 8481
1947 6045
1948 6255
1949 9565
1950 7586
1951 8135
1952 9337
1953 6890
1954 12208
1955 9916
1956 12064
1957 9564
1958 8983
1959 11785
1960 16211
1961 10530
1962 11009
1963 10481
1964 16211
1965 10398
1966 16211
1967 11475
1968 11606
1969 9571
1970 10865
1971 11168
1972 11312
1973 12064
1974 11718
1975 10802
1976 12064
1977 11785
1978 11953
1979 9931
1980 8169
1981 10727
1982 10994
1983 10670
1984 10009
1985 8564
1986 9095
1987 11953
1988 11953
1989 10214
1990 3926
1991 7940
1992 6086
1993 6762
1994 6005
1995 6755
1996 5134
1997 5930
1998 6281
1999 5953
2000 4467
2001 3363
2002 6198
2003 6713
2004 6611
2005 6392
2006 4124
2007 7300
2008 5314
2009 6716
2010 5150
2011 5668
2012 7022
2013 7551
2014 5107
2015 7725
2016 5754
2017 8035
2018 6484
2019 10994
2020 6521
2021 7388
2022 6108
2023 7493
2024 6662
2025 6883
2026 5130
2027 7114
2028 6147
2029 7524
2030 7916
2031 6921
2032 6667
2033 4954
2034 7358
2035 8720
2036 7849
2037 5004
2038 7789
2039 7741
2040 7055
2041 8582
2042 6326
2043 3154
2044 5920
2045 7274
2046 7208
2047 6394
2048 6314
2049 4966
2050 7162
2051 6191
2052 6785
2053 5330
2054 3508
2055 6875
2056 6897
2057 7120
2058 6877
2059 4857
2060 6528
2061 7818
2062 5779
2063 6369
2064 5217
2065 6113
2066 6569
2067 7759
2068 5033
2069 6989
2070 6382
2071 9642
2072 6262
2073 10003
2074 6150
2075 6666
2076 6001
2077 7576
2078 6985
2079 6725
2080 5348
2081 6261
2082 4984
2083 8494
2084 8137
2085 7085
2086 6596
2087 4984
2088 6198
2089 9571
2090 6609
2091 4982
2092 6466
2093 8369
2094 6823
2095 10508
2096 6411
2097 7050
2098 7428
2099 8222
2100 7574
2101 16211
2102 11785
2103 11559
2104 16211
2105 9226
2106 8084
2107 9083
2108 10416
2109 7698
2110 4518
2111 7132
2112 6381
2113 5783
2114 6670
2115 6421
2116 6847
2117 10167
2118 10567
2119 8947
2120 10455
2121 7147
2122 8807
2123 6620
2124 8888
2125 10573
2126 10045
2127 7417
2128 9347
2129 6323
2130 6410
2131 5985
2132 6521
2133 5367
2134 5012
2135 6877
2136 5335
2137 5079
2138 7512
2139 4862
2140 8546
2141 7510
2142 8371
2143 7752
2144 7501
2145 6859
2146 6692
2147 7899
2148 5051
2149 7531
2150 8744
2151 8418
2152 7774
2153 11475
2154 5466
2155 8273
2156 5449
2157 9883
2158 7879
2159 8938
2160 8276
2161 8380
2162 10202
2163 8301
2164 7410
2165 7071
2166 8354
2167 9467
2168 8435
2169 9332
2170 3419
2171 6175
2172 3298
2173 6343
2174 6822
2175 5585
2176 5849
2177 5727
2178 5377
2179 4462
2180 5505
2181 4252
2182 6186
2183 6954
2184 6889
2185 5968
2186 5115
2187 7425
2188 6280
2189 9071
2190 7796
2191 6868
2192 6900
2193 6852
2194 8878
2195 6933
2196 8252
2197 6490
2198 7206
2199 7962
2200 8807
2201 8159
2202 3926
2203 6158
2204 5066
2205 6572
2206 7730
2207 7707
2208 7167
2209 6457
2210 5623
2211 4626
2212 6011
2213 4370
2214 7196
2215 7789
2216 6160
2217 7417
2218 3275
2219 12411
2220 4259
2221 6095
2222 6348
2223 6406
2224 5290
2225 5397
2226 5332
2227 4311
2228 5889
2229 4176
2230 5635
2231 7142
2232 6447
2233 5689
2234 3343
2235 6028
2236 4787
2237 6584
2238 6751
2239 6482
2240 5811
2241 5203
2242 5897
2243 4814
2244 6263
2245 4785
2246 6033
2247 6285
2248 6728
2249 5314
2250 8106
2251 8392
2252 10508
2253 4597
2254 8332
2255 5197
2256 8686
2257 7093
2258 7281
2259 10359
2260 9086
2261 12754
2262 6006
2263 10195
2264 6733
2265 11188
2266 9197
2267 7089
2268 8281
2269 10305
2270 9548
2271 5217
2272 8160
2273 6930
2274 10108
2275 7573
2276 6056
2277 7838
2278 8542
2279 10019
2280 4649
2281 8219
2282 5449
2283 7499
2284 6242
2285 6729
2286 9216
2287 8428
2288 6252
2289 6241
2290 9179
2291 2689
2292 6807
2293 3087
2294 6339
2295 6075
2296 4554
2297 8122
2298 6895
2299 10041
2300 4101
2301 8102
2302 4503
2303 8117
2304 8118
2305 6051
2306 6851
2307 6130
2308 9340
2309 3422
2310 7312
2311 3442
2312 7118
2313 7756
2314 5313
2315 9199
2316 10196
2317 9256
2318 5548
2319 8633
2320 5890
2321 10111
2322 7905
2323 6288
2324 6385
2325 6129
2326 8224
2327 2566
2328 6409
2329 3377
2330 6437
2331 6274
2332 5286
2333 6393
2334 5836
2335 7227
2336 2735
2337 5174
2338 3217
2339 5315
2340 5541
2341 4133
2342 12410
2343 12208
2344 11403
2345 15865
2346 10360
2347 16211
2348 16211
2349 8830
2350 7730
2351 6886
2352 12411
2353 9158
2354 8153
2355 7671
2356 16211
2357 7623
2358 8432
2359 10792
2360 16211
2361 9810
2362 10980
2363 8406
2364 9723
2365 8174
2366 6669
2367 6180
2368 6766
2369 16211
2370 16211
2371 16211
2372 7225
2373 7057
2374 8150
2375 7464
2376 8957
2377 16211
2378 7498
2379 6600
2380 6955
2381 6478
2382 8332
2383 7021
2384 5835
2385 6158
2386 7659
2387 4408
2388 6475
2389 5005
2390 3752
2391 7892
2392 9785
2393 8511
2394 10150
2395 6540
2396 9110
2397 5769
2398 7433
2399 6334
2400 4955
2401 6675
2402 6782
2403 5178
2404 8274
2405 8611
2406 10513
2407 9068
2408 7958
2409 11341
2410 11659
2411 9861
2412 8159
2413 8559
2414 10802
2415 6009
2416 7194
2417 7738
2418 10497
2419 9002
2420 9214
2421 5774
2422 6491
2423 7796
2424 8005
2425 8891
2426 7853
2427 8924
2428 8966
2429 7065
2430 8430
2431 8265
2432 9571
2433 9654
2434 8799
2435 10121
2436 10246
2437 12757
2438 11953
2439 10290
2440 16211
2441 16211
2442 11515
2443 9911
2444 10599
2445 12757
2446 6826
2447 10376
2448 9378
2449 16211
2450 10877
2451 10889
2452 7532
2453 9493
2454 7415
2455 10663
2456 11438
2457 10460
2458 12411
2459 10980
2460 9403
2461 10854
2462 16211
2463 8981
2464 6801
2465 6977
2466 6889
2467 8648
2468 7896
2469 7895
2470 8430
2471 12757
2472 12064
2473 8979
2474 8507
2475 10481
2476 11341
2477 5862
2478 8464
2479 7617
2480 7869
2481 9955
2482 8843
2483 6427
2484 8411
2485 7472
2486 9658
2487 8467
2488 9933
2489 8207
2490 11341
2491 9423
2492 9082
2493 12208
2494 8473
2495 9301
2496 6532
2497 8230
2498 9248
2499 11341
2500 11341
2501 9889
2502 12757
2503 12411
2504 10663
2505 8915
2506 9040
2507 11718
2508 6575
2509 10939
2510 8262
2511 9414
2512 10001
2513 8320
2514 6346
2515 11371
2516 7139
2517 8759
2518 9977
2519 9581
2520 10360
2521 10889
2522 7869
2523 11148
2524 16211
2525 8195
2526 9668
2527 7555
2528 7860
2529 10124
2530 10877
2531 10283
2532 8704
2533 16211
2534 16211
2535 9797
2536 9867
2537 10431
2538 11371
2539 8060
2540 11168
2541 8386
2542 11371
2543 10513
2544 9416
2545 6676
2546 10108
2547 10465
2548 9591
2549 10158
2550 9809
2551 10343
2552 11371
2553 9634
2554 9346
2555 11953
2556 5674
2557 5798
2558 3005
2559 6515
2560 6794
2561 6552
2562 6866
2563 4919
2564 8956
2565 8482
2566 8051
2567 6380
2568 6710
2569 8924
2570 3628
2571 5817
2572 5144
2573 7621
2574 6725
2575 6593
2576 4555
2577 5454
2578 6193
2579 6299
2580 6579
2581 5774
2582 5954
2583 7060
2584 5232
2585 5852
2586 8967
2587 6468
2588 9942
2589 6629
2590 8751
2591 8822
2592 10889
2593 10812
2594 8949
2595 12411
2596 12208
2597 9377
2598 8149
2599 8641
2600 10772
2601 7204
2602 10356
2603 8928
2604 10398
2605 8496
2606 8148
2607 4795
2608 9926
2609 7841
2610 7545
2611 10347
2612 7550
2613 8800
2614 9213
2615 7201
2616 9681
2617 12208
2618 6142
2619 4864
2620 4126
2621 5999
2622 7364
2623 6148
2624 5626
2625 5762
2626 9678
2627 8710
2628 8810
2629 6720
2630 7819
2631 8474
2632 4385
2633 5746
2634 5550
2635 8875
2636 8044
2637 8566
2638 5879
2639 6025
2640 7194
2641 6317
2642 6963
2643 5968
2644 7892
2645 6334
2646 6339
2647 8430
2648 5184
2649 5383
2650 2945
2651 5854
2652 5699
2653 5224
2654 6322
2655 4707
2656 7488
2657 6945
2658 7174
2659 6003
2660 6483
2661 6871
2662 4053
2663 5241
2664 6429
2665 7161
2666 5848
2667 6753
2668 3813
2669 5676
2670 5891
2671 6580
2672 4926
2673 5947
2674 6258
2675 5069
2676 5400
2677 7718
2678 5994
2679 7924
2680 6395
2681 8588
2682 9478
2683 4500
2684 7675
2685 5410
2686 6039
2687 4205
2688 8637
2689 12757
2690 5927
2691 9596
2692 7846
2693 5672
2694 6583
2695 8241
2696 9335
2697 9101
2698 9169
2699 16211
2700 8329
2701 10812
2702 8663
2703 7130
2704 8448
2705 11260
2706 9310
2707 11606
2708 16211
2709 11515
2710 9794
2711 6680
2712 6110
2713 7451
2714 8062
2715 8095
2716 8536
2717 16211
2718 7911
2719 4918
2720 4880
2721 6021
2722 6962
2723 7436
2724 6975
2725 7215
2726 7442
2727 5502
2728 6885
2729 5830
2730 6265
2731 8960
2732 7273
2733 7476
2734 8629
2735 10678
2736 7304
2737 7245
2738 5988
2739 6699
2740 8170
2741 7866
2742 8016
2743 7727
2744 8231
2745 7756
2746 4587
2747 5149
2748 5819
2749 7160
2750 7056
2751 6593
2752 6743
2753 7512
2754 5099
2755 4331
2756 4844
2757 6017
2758 6995
2759 7563
2760 7424
2761 7504
2762 6964
2763 4707
2764 5888
2765 6477
2766 7656
2767 8017
2768 6745
2769 8880
2770 6315
2771 9656
2772 8971
2773 9172
2774 9739
2775 6909
2776 6326
2777 7553
2778 7602
2779 7213
2780 4382
2781 5035
2782 6914
2783 8336
2784 5406
2785 5451
2786 8655
2787 8452
2788 7215
2789 6236
2790 5710
2791 6233
2792 8188
2793 7855
2794 6226
2795 5042
2796 3504
2797 7096
2798 6336
2799 5316
2800 4497
2801 16211
2802 7194
2803 8063
2804 5435
2805 7658
2806 16211
2807 10519
2808 10802
2809 7254
2810 7967
2811 5627
2812 7126
2813 6660
2814 8723
2815 6951
2816 9516
2817 6161
2818 7949
2819 10513
2820 8319
2821 9466
2822 7830
2823 8285
2824 9007
2825 7757
2826 10736
2827 10491
2828 9517
2829 12208
2830 10450
2831 10745
2832 12411
2833 10196
2834 16211
2835 9562
2836 8069
2837 7616
2838 8224
2839 8183
2840 7967
2841 7965
2842 9367
2843 8739
2844 6162
2845 7116
2846 6119
2847 6047
2848 6649
2849 6135
2850 9174
2851 9310
2852 7364
2853 8075
2854 7646
2855 8009
2856 8044
2857 7623
2858 10519
2859 9184
2860 6993
2861 7534
2862 7400
2863 7201
2864 6915
2865 7232
2866 10305
2867 4109
2868 5593
2869 6851
2870 6005
2871 5624
2872 6395
2873 5834
2874 4398
2875 7979
2876 8129
2877 10360
2878 11260
2879 8408
2880 8057
2881 6401
2882 6440
2883 7343
2884 8248
2885 6811
2886 7543
2887 6092
2888 6035
2889 6020
2890 5906
2891 10242
2892 9262
2893 9438
2894 16211
2895 16211
2896 8936
2897 11009
2898 10101
2899 9860
2900 11285
2901 8040
2902 9250
2903 9260
2904 16211
2905 11862
2906 10782
2907 9680
2908 9112
2909 9357
2910 11785
2911 10481
2912 9826
2913 8983
2914 8491
2915 10256
2916 10994
2917 11475
2918 9808
2919 10497
2920 8614
2921 16211
2922 11475
2923 12757
2924 11341
2925 11515
2926 6734
2927 7432
2928 9572
2929 8061
2930 9583
2931 6707
2932 7914
2933 7409
2934 8414
2935 9127
2936 8375
2937 10021
2938 6638
2939 11110
2940 12411
2941 10802
2942 10208
2943 6438
2944 6226
2945 7278
2946 8867
2947 10111
2948 6210
2949 7001
2950 7344
2951 8256
2952 8658
2953 7614
2954 7585
2955 6391
2956 8207
2957 8746
2958 8105
2959 8527
2960 7579
2961 9468
2962 8808
2963 10079
2964 11260
2965 7189
2966 10519
2967 8342
2968 8306
2969 9205
2970 7491
2971 8574
2972 6484
2973 10082
2974 9201
2975 8096
2976 8591
2977 4934
2978 6899
2979 7026
2980 6754
2981 7803
2982 6130
2983 6768
2984 7630
2985 6644
2986 7669
2987 6119
2988 6956
2989 5562
2990 6856
2991 7765
2992 6749
2993 6268
2994 8901
2995 7056
2996 8618
2997 7841
2998 11785
2999 7234
3000 5715
3001 8763
3002 8710
3003 9014
3004 7671
3005 8827
3006 6301
3007 8632
3008 9711
3009 9665
3010 9464
3011 7647
3012 5834
3013 7922
3014 6645
3015 7862
3016 6995
3017 7770
3018 4770
3019 6528
3020 7867
3021 7558
3022 8495
3023 6523
3024 7292
3025 9863
3026 8062
3027 7886
3028 7976
3029 7545
3030 9834
3031 8344
3032 10412
3033 7397
3034 8571
3035 8528
3036 8678
3037 8993
3038 9102
3039 10626
3040 8341
3041 11190
3042 12208
3043 11009
3044 10058
3045 5366
3046 7120
3047 6429
3048 5783
3049 7672
3050 6248
3051 6513
3052 6445
3053 6948
3054 7585
3055 5647
3056 6728
3057 5342
3058 6321
3059 7978
3060 6630
3061 5868
3062 4991
3063 3637
3064 7050
3065 6671
3066 7827
3067 5886
3068 5811
3069 5301
3070 7055
3071 5532
3072 5674
3073 7084
3074 5975
3075 8340
3076 6816
3077 5848
3078 6928
3079 6278
3080 8852
3081 7009
3082 9331
3083 9575
3084 7370
3085 16211
3086 11091
3087 11212
3088 12757
3089 11559
3090 10966
3091 7235
3092 7646
3093 10199
3094 7727
3095 8485
3096 3248
3097 5419
3098 7378
3099 6924
3100 7887
3101 9827
3102 3818
3103 6027
3104 5762
3105 7948
3106 6417
3107 5959
3108 10926
3109 9573
3110 10211
3111 11128
3112 9639
3113 7596
3114 7970
3115 8766
3116 8091
3117 8314
3118 11009
3119 9743
3120 7169
3121 10368
3122 9799
3123 7178
3124 5406
3125 7874
3126 7546
3127 5771
3128 6463
3129 5475
3130 7808
3131 6717
3132 10525
3133 5797
3134 7842
3135 5972
3136 8906
3137 8201
3138 7752
3139 6655
3140 6150
3141 7805
3142 9789
3143 8157
3144 6879
3145 8405
3146 10727
3147 6608
3148 6876
3149 7492
3150 8689
3151 10763
3152 6224
3153 4335
3154 8167
3155 6756
3156 6746
3157 4908
3158 5148
3159 10202
3160 6026
3161 8199
3162 7711
3163 6510
3164 9185
3165 7665
3166 7895
3167 5910
3168 6052
3169 7492
3170 9383
3171 6336
3172 6524
3173 9842
3174 9074
3175 9018
3176 7520
3177 6393
3178 6552
3179 9496
3180 6520
3181 4338
3182 7725
3183 6443
3184 6139
3185 4746
3186 4916
3187 10084
3188 6105
3189 7896
3190 6184
3191 4291
3192 7878
3193 7435
3194 6993
3195 5367
3196 4927
3197 6008
3198 7099
3199 9251
3200 9107
3201 7708
3202 9347
3203 8085
3204 1295
3205 3869
3206 6412
3207 4228
3208 3601
3209 919
3210 4382
3211 4617
3212 4503
3213 4500
3214 4516
3215 4366
3216 4639
3217 4809
3218 4017
3219 5161
3220 4699
3221 4680
3222 5253
3223 5208
3224 3921
3225 4428
3226 4603
3227 4362
3228 4722
3229 4471
3230 4501
3231 4287
3232 4334
3233 4554
3234 4730
3235 4229
3236 4931
3237 4857
3238 4987
3239 4631
3240 3994
3241 4033
3242 6354
3243 4383
3244 4780
3245 4469
3246 4426
3247 4282
3248 6026
3249 4825
3250 5553
3251 4594
3252 4611
3253 4343
3254 4376
3255 5840
3256 2480
3257 4880
3258 3504
3259 6431
3260 2412
3261 4263
3262 3658
3263 3723
3264 3873
3265 3602
3266 3406
3267 3842
3268 4062
3269 4171
3270 4295
3271 3122
3272 4163
3273 2738
3274 2715
3275 2583
3276 4122
3277 3334
3278 4020
3279 3094
3280 3023
3281 6595
3282 2276
3283 5635
3284 4612
3285 4010
3286 5747
3287 5438
3288 1956
3289 2928
3290 3173
3291 3972
3292 2409
3293 4145
3294 4306
3295 3748
3296 5061
3297 4366
3298 4272
3299 3775
3300 4953
3301 4042
3302 6693
3303 5337
3304 4875
3305 3453
3306 3568
3307 4952
3308 3962
3309 1993
3310 3975
3311 3245
3312 4061
3313 4901
3314 5721
3315 4503
3316 4867
3317 4802
3318 4400
3319 7355
3320 8699
3321 8143
3322 6307
3323 6474
3324 6169
3325 6093
3326 7177
3327 5788
3328 2908
3329 7464
3330 7010
3331 6808
3332 6392
3333 7216
3334 7350
3335 4989
3336 6821
3337 7497
3338 7906
3339 5046
3340 6688
3341 5868
3342 2880
3343 4633
3344 7719
3345 7450
3346 6276
3347 5989
3348 4515
3349 7760
3350 5714
3351 3473
3352 4744
3353 4351
3354 3296
3355 5643
3356 8389
3357 8346
3358 7596
3359 6745
3360 5616
3361 4959
3362 6679
3363 3835
3364 8502
3365 8835
3366 7565
3367 6834
3368 6071
3369 7625
3370 5710
3371 7099
3372 7550
3373 3477
3374 6323
3375 5712
3376 8893
3377 7456
3378 4460
3379 4860
3380 4588
3381 7183
3382 7906
3383 5666
3384 7283
3385 6111
3386 4947
3387 5164
3388 6675
3389 5327
3390 4568
3391 6360
3392 5758
3393 5701
3394 5258
3395 6063
3396 7183
3397 5287
3398 3511
3399 6276
3400 6184
3401 6959
3402 5193
3403 4014
3404 4026
3405 6457
3406 5102
3407 6154
3408 6684
3409 16211
3410 6108
3411 4491
3412 5955
3413 6799
3414 6776
3415 7831
3416 5634
3417 4277
3418 9659
3419 3956
3420 4910
3421 3991
3422 4390
3423 4220
3424 7784
3425 7968
3426 5679
3427 8394
3428 8213
3429 10328
3430 5286
3431 4871
3432 7514
3433 4802
3434 8826
3435 7126
3436 4216
3437 3964
3438 7896
3439 6074
3440 4541
3441 6624
3442 8839
3443 6354
3444 6197
3445 4845
3446 4364
3447 4653
3448 6682
3449 6264
3450 3259
3451 4811
3452 5743
3453 4205
3454 7579
3455 6272
3456 5569
3457 4845
3458 7916
3459 8407
3460 12757
3461 9110
3462 10098
3463 16211
3464 16211
3465 11785
3466 10792
3467 11559
3468 16211
3469 11718
3470 10184
3471 11403
3472 10376
3473 16211
3474 16211
3475 9014
3476 9817
3477 7894
3478 8536
3479 8723
3480 11110
3481 11862
3482 11515
3483 10301
3484 16211
3485 16211
3486 6684
3487 5105
3488 6144
3489 8251
3490 6559
3491 11559
3492 10416
3493 10175
3494 16211
3495 12064
3496 10491
3497 8392
3498 8760
3499 11953
3500 12757
3501 9993
3502 7511
3503 7217
3504 9703
3505 11371
3506 9817
3507 9279
3508 6940
3509 7749
3510 10745
3511 10041
3512 7417
3513 5765
3514 6758
3515 10994
3516 9643
3517 8006
3518 8723
3519 12757
3520 12757
3521 16211
3522 16211
3523 16211
3524 16211
3525 9816
3526 11025
3527 16211
3528 16211
3529 6930
3530 7756
3531 12757
3532 12411
3533 11235
3534 12411
3535 11128
3536 11091
3537 10435
3538 10328
3539 7397
3540 8043
3541 4064
3542 6935
3543 5947
3544 8296
3545 5036
3546 6128
3547 5981
3548 6872
3549 3852
3550 7083
3551 5314
3552 6586
3553 7338
3554 4779
3555 5426
3556 5538
3557 5510
3558 6288
3559 5248
3560 5115
3561 10393
3562 9917
3563 10129
3564 5996
3565 9502
3566 7888
3567 9438
3568 9864
3569 7929
3570 5612
3571 6148
3572 6831
3573 6286
3574 6317
3575 6984
3576 12656
3577 11437
3578 11952
3579 7317
3580 11148
3581 8255
3582 10530
3583 11339
3584 9245
3585 7480
3586 8541
3587 8711
3588 8430
3589 8612
3590 8525
3591 7801
3592 10965
3593 11658
3594 7596
3595 11475
3596 9551
3597 10560
3598 10579
3599 7914
3600 6726
3601 9733
3602 10926
3603 8269
3604 9897
3605 10398
3606 8078
3607 8200
3608 7932
3609 5525
3610 8363
3611 6990
3612 7644
3613 9103
3614 5730
3615 5698
3616 6622
3617 6983
3618 6452
3619 6262
3620 6943
3621 10898
3622 11211
3623 10901
3624 6812
3625 12408
3626 8778
3627 10579
3628 11091
3629 8711
3630 6802
3631 8014
3632 7212
3633 8623
3634 7640
3635 10332
3636 5217
3637 7629
3638 6585
3639 3171
3640 6517
3641 4596
3642 5892
3643 6210
3644 4149
3645 3622
3646 4795
3647 4099
3648 4416
3649 4146
3650 4233
3651 11144
3652 11783
3653 11717
3654 6787
3655 10579
3656 8537
3657 9687
3658 9183
3659 8641
3660 7159
3661 7480
3662 8097
3663 8057
3664 7981
3665 8272
3666 9269
3667 8909
3668 9679
3669 6705
3670 10702
3671 7706
3672 9256
3673 10430
3674 7090
3675 7582
3676 7766
3677 8345
3678 8222
3679 8169
3680 9165
3681 8811
3682 8264
3683 8562
3684 5603
3685 8790
3686 5999
3687 8407
3688 8931
3689 5605
3690 4195
3691 6719
3692 8955
3693 9142
3694 8850
3695 8733
3696 8161
3697 9550
3698 9634
3699 4537
3700 7540
3701 6184
3702 7496
3703 7997
3704 6357
3705 4738
3706 5103
3707 5389
3708 5480
3709 5009
3710 6030
3711 7143
3712 7688
3713 7849
3714 3535
3715 5875
3716 4450
3717 6262
3718 6584
3719 4686
3720 4256
3721 5102
3722 4682
3723 5112
3724 4605
3725 4945
3726 6215
3727 7451
3728 9448
3729 4257
3730 7023
3731 5633
3732 7303
3733 7093
3734 5111
3735 9885
3736 11403
3737 12064
3738 6594
3739 9751
3740 5727
3741 8704
3742 9680
3743 6541
3744 11423
3745 15060
3746 15316
3747 7676
3748 11074
3749 9866
3750 11025
3751 12406
3752 10002
3753 11459
3754 11952
3755 15316
3756 8896
3757 11953
3758 10579
3759 11718
3760 12406
3761 10841
3762 7752
3763 9045
3764 10901
3765 6035
3766 7340
3767 6994
3768 7207
3769 8099
3770 6151
3771 10839
3772 15060
3773 12755
3774 9147
3775 10913
3776 10226
3777 8794
3778 12406
3779 10074
3780 5586
3781 7979
3782 8807
3783 3438
3784 6529
3785 4262
3786 4764
3787 7478
3788 3980
3789 10768
3790 12408
3791 12755
3792 7796
3793 10926
3794 8259
3795 10290
3796 12205
3797 8847
3798 9296
3799 10832
3800 15316
3801 8092
3802 12756
3803 8507
3804 9946
3805 11860
3806 8904
3807 10291
3808 11514
3809 12408
3810 7109
3811 9784
3812 7292
3813 9817
3814 10524
3815 7807
3816 7797
3817 10164
3818 10431
3819 4649
3820 7810
3821 5510
3822 7909
3823 10129
3824 6518
3825 6411
3826 8767
3827 9360
3828 4039
3829 6170
3830 4834
3831 4068
3832 8603
3833 4478
3834 6217
3835 3634
3836 5409
3837 6197
3838 6534
3839 6799
3840 6237
3841 5803
3842 6554
3843 6849
3844 7169
3845 10158
3846 9102
3847 8399
3848 8271
3849 7427
3850 7897
3851 9625
3852 16211
3853 11659
3854 10301
3855 9799
3856 9273
3857 9977
3858 12064
3859 11862
3860 12064
3861 11235
3862 11285
3863 10351
3864 11148
3865 12411
3866 7974
3867 9224
3868 9153
3869 8391
3870 8181
3871 8088
3872 8272
3873 11559
3874 11785
3875 11718
3876 9827
3877 9287
3878 9046
3879 12757
3880 6162
3881 5724
3882 4922
3883 4427
3884 5076
3885 9566
3886 4834
3887 6024
3888 11148
3889 9953
3890 9122
3891 9229
3892 7738
3893 8432
3894 10372
3895 8856
3896 10324
3897 9966
3898 9684
3899 8828
3900 9480
3901 10339
3902 9357
3903 10368
3904 9037
3905 8259
3906 7267
3907 9772
3908 9693
3909 7988
3910 7039
3911 6226
3912 5979
3913 5162
3914 5277
3915 7714
3916 7173
3917 6474
3918 5582
3919 4902
3920 5631
3921 6032
3922 6875
3923 6783
3924 7159
3925 8695
3926 8572
3927 9328
3928 9300
3929 11312
3930 11057
3931 9675
3932 10567
3933 12757
3934 12757
3935 4897
3936 4902
3937 11235
3938 10939
3939 10440
3940 11190
3941 10096
3942 10573
3943 6396
3944 6255
3945 6467
3946 6307
3947 3023
3948 2767
3949 5304
3950 3311
3951 2667
3952 2892
3953 4877
3954 5940
3955 5135
3956 4878
3957 4505
3958 4357
3959 4501
3960 4779
3961 4929
3962 4337
3963 4597
3964 3934
3965 4407
3966 4789
3967 4125
3968 4884
3969 4664
3970 4419
3971 4862
3972 16211
3973 6295
3974 16211
3975 5449
3976 4444
3977 5896
3978 4826
3979 4671
3980 5816
3981 3564
3982 2961
3983 1689
3984 1785
3985 2118
3986 2157
3987 1784
3988 3647
3989 4454
3990 4857
3991 2768
3992 4158
3993 3418
3994 4212
3995 5232
3996 4493
3997 4587
3998 5915
3999 4011
4000 5569
